domain,level,name
gov.me,central,
